[gd_scene load_steps=8 format=3 uid="uid://dr7t0hdduduo2"]

[ext_resource type="PackedScene" uid="uid://clpm4jbot856a" path="res://block.tscn" id="1_r4s5e"]
[ext_resource type="PackedScene" uid="uid://cqqoi3a576lja" path="res://mike.tscn" id="2_636mn"]
[ext_resource type="Texture2D" uid="uid://dgp2okshweb7g" path="res://icon.svg" id="3_qaopf"]
[ext_resource type="Script" path="res://Icon.gd" id="4_q5h7a"]
[ext_resource type="PackedScene" uid="uid://d3v8xwvcf7dej" path="res://player.tscn" id="5_7m0ep"]

[sub_resource type="BoxMesh" id="BoxMesh_vdoej"]
size = Vector3(10, 0.5, 10)

[sub_resource type="BoxShape3D" id="BoxShape3D_vbv1n"]
size = Vector3(10, 0.5, 10)

[node name="Level1" type="Node3D"]

[node name="Floor" type="StaticBody3D" parent="."]
transform = Transform3D(1, 0, 0, 0, 1, 0, 0, 0, 1, 0, -0.277653, 0)
metadata/_edit_group_ = true

[node name="MeshInstance3D" type="MeshInstance3D" parent="Floor"]
mesh = SubResource("BoxMesh_vdoej")

[node name="CollisionShape3D" type="CollisionShape3D" parent="Floor"]
shape = SubResource("BoxShape3D_vbv1n")

[node name="DirectionalLight3D" type="DirectionalLight3D" parent="."]
transform = Transform3D(1, 0, 0, 0, 0.605641, 0.795738, 0, -0.795738, 0.605641, -0.23945, 5.91873, 5.91901)
shadow_enabled = true

[node name="Blocks" type="Node3D" parent="."]

[node name="Block1" parent="Blocks" instance=ExtResource("1_r4s5e")]
transform = Transform3D(1, 0, 0, 0, 0.8465, -0.532389, 0, 0.532389, 0.8465, 0, 3, 0)

[node name="Block2" parent="Blocks" instance=ExtResource("1_r4s5e")]
transform = Transform3D(1, 0, 0, 0, 0.8465, -0.532389, 0, 0.532389, 0.8465, 0, 4.7626, 0)

[node name="Block3" parent="Blocks" instance=ExtResource("1_r4s5e")]
transform = Transform3D(1, 0, 0, 0, 0.8465, -0.532389, 0, 0.532389, 0.8465, 0, 6.41224, 0)

[node name="Block4" parent="Blocks" instance=ExtResource("1_r4s5e")]
transform = Transform3D(1, 0, 0, 0, 0.8465, -0.532389, 0, 0.532389, 0.8465, 0, 8.17484, 0)

[node name="Mike" parent="Blocks" instance=ExtResource("2_636mn")]
transform = Transform3D(1, 0, 0, 0, 1, 0, 0, 0, 1, -4, 1, 0)

[node name="Icon" type="Sprite3D" parent="."]
transform = Transform3D(1, 0, 0, 0, 1, 0, 0, 0, 1, 0, 1.2376, 2.76843)
texture = ExtResource("3_qaopf")
script = ExtResource("4_q5h7a")

[node name="Player" parent="." instance=ExtResource("5_7m0ep")]
transform = Transform3D(1, 0, 0, 0, 1, 0, 0, 0, 1, -3.51268, 1.54929, 3.28702)
top_level = true
